0.000000000000000000e+00 3.127228180704517690e-01 5.292732318307957762e-02 1.181129278231955867e-03 7.399114977874447163e+01 9.758268956723918919e-01 1.974266856671416653e-09 -8.709592739818494689e-01 1.097652441311032234e-01 1.349583739593489895e+01 2.415247881197029933e+00
1.000000000000000000e+00 2.574519362984074577e-01 5.027475686892172307e-02 1.310086502162553963e-03 7.536248406210155792e+01 8.054826370659267099e-01 2.033188329708242946e-09 -7.852621315532888335e-01 -5.146378659466488426e-02 5.549388734718368354e+00 1.935548388709717571e+00
2.000000000000000000e+00 2.982052051301282147e-01 5.841796044901122198e-02 1.543311832795819837e-03 6.669084227105678053e+01 8.373359333983350083e-01 2.394487362184054908e-09 -8.466136653416335145e-01 -3.506962674066851360e-01 1.117752943823595579e+01 6.047026175654390823e-01
3.000000000000000000e+00 2.824638115952898820e-01 4.553513837845946099e-02 9.672324308107702485e-04 7.052606315157879635e+01 1.045068626715667914e+00 2.337650941273531963e-09 -8.949448736218406086e-01 6.276406910172749321e-02 2.149853746343658756e+01 2.415685392134803156e-01
4.000000000000000000e+00 2.708557713942848499e-01 4.695217380434511117e-02 5.501600040001000062e-04 7.320258006450161758e+01 8.680117002925074043e-01 2.228733218330458241e-09 -1.213897847446186118e+00 -1.679416985424635467e-01 1.675916897922448001e+01 1.293469836745918533e+00
5.000000000000000000e+00 2.915115377884446857e-01 4.412310307757694172e-02 2.073259581489537550e-03 7.150678766969174660e+01 1.008355208880222120e+00 1.975211880297007415e-09 -1.216057901447536338e+00 4.507487687192179848e-01 3.222830570764269265e+00 1.408035200880021875e+00
6.000000000000000000e+00 2.573611840296007314e-01 4.489762244056101637e-02 2.259447236180904626e-03 6.953536338408460438e+01 1.098627465686642157e+00 2.037598439960999007e-09 -1.079809495237380901e+00 -2.993199829995749628e-01 1.070351758793969843e+01 1.167591689792244702e+00
7.000000000000000000e+00 3.089387234680867067e-01 5.840096002400059494e-02 1.862231805795144801e-03 6.685937148428710941e+01 8.980499512487812863e-01 2.300420010500262752e-09 -1.179126978174454443e+00 -4.874496862421560661e-01 3.615840396009900370e+00 9.983374584364608229e-01
8.000000000000000000e+00 2.476011900297507284e-01 4.375559388984724685e-02 2.058536713417835357e-03 7.455868896722418526e+01 8.177154428860722302e-01 2.160991524788119826e-09 -7.002100052501312177e-01 1.899422485562138885e-01 7.147678691967299658e-01 1.025713142828570623e+00
9.000000000000000000e+00 3.019507987699692197e-01 5.631990799769993894e-02 9.358991474786869423e-04 7.154353858846471326e+01 1.065971649291232337e+00 2.287444686117153116e-09 -1.224998124953123879e+00 7.298932473311836588e-02 8.775219380484512444e-01 1.503037575939398351e+00
1.000000000000000000e+01 3.321878046951173280e-01 5.774894372359308525e-02 1.546558413960349033e-03 7.781009525238131630e+01 1.014040351008775209e+00 2.064269106727668443e-09 -8.608190204755119534e-01 3.866221655541388635e-01 1.366309157728943369e+01 1.616477911947798551e+00
1.100000000000000000e+01 2.661146528663216326e-01 4.177504437610940480e-02 8.242318557963948262e-04 7.156191404785118948e+01 8.363984099602490563e-01 2.104485112127803395e-09 -8.476936923423086245e-01 -3.493462336558413872e-01 1.339233480837020984e+01 1.112090302257556340e+00
1.200000000000000000e+01 3.081384534613365034e-01 4.358258956473912149e-02 2.409242981074526981e-03 8.122425560639015885e+01 9.675616890422260585e-01 2.171191779794494726e-09 -9.190354758868971574e-01 -2.729693242331058256e-01 2.042451061276532087e+01 1.115402885072126704e+00
1.300000000000000000e+01 2.440343508587714538e-01 5.199429985749643574e-02 1.705187879696992486e-03 7.621510537763444404e+01 8.374559363984099836e-01 2.469504237605940029e-09 -1.098319957998949992e+00 -8.763969099227481019e-02 2.851571289282232247e+00 1.472411810295257251e+00
1.400000000000000000e+01 3.093154828870721684e-01 4.129153228830721029e-02 2.780636765919147942e-03 8.219815495387385340e+01 1.084557113927848260e+00 2.063714092852321330e-09 -7.874371859296481757e-01 -1.344908622715567659e-01 1.657766444161104147e+01 5.143878596964923666e-02
1.500000000000000000e+01 2.744143603590089575e-01 4.827570689267231263e-02 5.945551138778469059e-04 7.976734418360459244e+01 9.810320258006450800e-01 2.104725118127953174e-09 -9.676966924173104889e-01 8.893972349308731928e-02 2.210980274506862742e+01 2.404247606190154762e+00
